9739327616
9739324610
9739325050
9739324739
9739327338
9739326551
9739326109
9739325462
9739326537
9739327014
9739328462
9739328216
9739325926
9739324201
9739327053
9739325908
9739325201
9739325701
9739324061
9739328948
9739325643
9739326025
9739325353
9739325577
9739326776
9739324736
9739322656
9739327320
9739327071
9739322014
9739323338
9739328377
9739325967
9739324656
9739326992
9739325307
9739329812
9739326592
9739324044
9739327127
9739327931
9739326431
9739327890
9739325169
9739322238
9739323496
9739324295
9739326223
9739325337
9739326043
9739322668
9739324388
9739328971
9739327898
9739328983
9739327518
9739324835
9739325131
9739326678
9739329268
9739327824
9739324571
9739324097
9739328406
9739327935
9739324155
9739328170
9739325158
9739323465
9739327645
9739329648
9739328307
9739327528
9739327843
9739325772
9739326025
9739328869
9739325880
9739324902
9739324627
9739325032
9739326779
9739327890
9739326464
9739324426
9739324617
9739327832
9739328275
9739324769
9739325135
9739328908
9739328199
9739324604
9739323006
9739325211
9739325216
9739326828
9739324172
9739327601
9739327736
9739328687
9739327476
9739325488
9739328656
9739326650
9739328656
9739324262
9739328253
9739327616
9739326293
9739326399
9739328328
9739328266
9739323476
9739326103
9739324915
9739324541
9739327887
9739328290
9739325641
9739329791
9739327304
9739327162
9739324888
9739329819
9739327014
9739325928
9739324350
9739327580
9739325532
9739326043
9739322102
9739324604
9739329395
9739326407
9739329154
9739328170
9739326623
9739327320
9739328928
9739327128
9739324175
9739324187
9739324353
9739329048
9739325093
9739328047
9739324314
9739325338
9739325104
9739325301
9739324748
9739326763
9739327898
9739329970
9739327202
9739327765
9739324477
9739324822
9739328024
9739322919
9739327211
9739325300
9739324655
9739327238
9739326566
9739329569
9739322695
9739324883
9739324426
9739328216
9739324389
9739327228
9739326570
9739324494
9739327911
9739324390
9739322841
9739326438
9739325747
9739324423
9739329833
9739325665
9739328228
9739327540
9739324744
9739325449
9739324882
9739326126
9739325651
9739325666
9739329724
9739324774
9739327863
9739329177
9739327678
9739326094
9739327390
9739325490
9739324172
9739326278
9739327425
9739327776
9739327601
9739327721
9739326744
9739326089
9739327430
9739324067
9739327949
9739327540
9739326112
9739327774
9739324439
9739323773
9739326776
9739324823
9739328803
9739323761
9739324992
9739327645
9739329861
9739326107
9739328675
9739325980
9739328304
9739326352
9739327173
9739325759
9739327949
9739324440
9739326123
9739328926
9739324048
9739324969
9739324771
9739325383
9739325049
9739324857
9739325301
9739329363
9739326208
9739328866
9739329000
9739326378
9739329933
9739328926
9739324172
9739327634
9739328949
9739328193
9739327260
9739324735
9739325226
9739323076
9739324003
9739325889
9739323195
9739328739
9739328007
9739323769
9739324038
9739328253
9739323488
9739322919
9739325168
9739325498
9739325196
9739325528
9739325050
9739326570
9739324187
9739326570
9739328161
9739325780
9739328282
9739327949
9739322952
9739322956
9739324003
9739324061
9739324386
9739328439
9739325703
9739326435
9739325696
9739325310
9739324885
9739324902
9739324663
9739324577
9739325412
9739327563
9739328854
9739326974
9739327728
9739327624
9739326160
9739326988
9739326937
9739328085
9739326469
9739325175
9739324453
9739326076
9739327202
9739329440
9739326201
9739326130
9739327550
9739325303
9739324761
9739326111
9739326402
9739328949
9739328827
9739327260
9739327063
9739329787
9739325184
9739326501
9739324403
9739328655
9739327585
9739324155
9739328583
9739324013
9739322201
9739328791
9739324183
9739326352
9739328154
9739328851
9739325462
9739327089
9739327430
9739327275
9739327220
9739328621
9739327868
9739327865
9739322707
9739326457
9739327223
9739326060
9739326724
9739323195
9739324773
9739325980
9739328380
9739325017
9739325433
9739324931
9739329831
9739329529
9739323770
9739328682
9739325438
9739327559
9739325367
9739328478
9739329235
9739324508
9739324268
9739324816
9739324909
9739325377
9739324604
9739325710
9739327792
9739324310
9739326375
9739322201
9739324705
9739324068
9739327812
9739327260
9739328949
9739322636
9739325383
9739323773
9739326975
9739325913
9739327110
9739329791
9739322224
9739324314
9739325808
9739322384
9739328331
9739328864
9739327794
9739324143
9739327318
9739323681
9739325907
9739327501
9739326724
9739324054
9739325184
9739324782
9739327090
9739328923
9739328130
9739327128
9739327719
9739325158
9739327264
9739325177
9739326145
9739324185
9739327604
9739323998
9739328967
9739325458
9739326900
9739328695
9739324097
9739325543
9739327261
9739323688
9739324343
9739329463
9739327236
9739324562
9739325027
9739325255
9739326036
9739325122
9739324705
9739328675
9739325093
9739324124
9739326500
